7.760666472642607783e-01
7.720226038028716875e-01
7.704496507566938046e-01
7.648832945285215512e-01
7.464252037252618877e-01
7.456312572759021817e-01
7.363638921226232092e-01
7.320206635622816815e-01
7.240140667442763744e-01
7.546912107101280132e-01
7.517963717500969478e-01
7.498111175785798777e-01
7.495767365153279682e-01
7.474671129220022969e-01
7.474393674815675848e-01
7.644558595265813494e-01
7.650002910360884645e-01
7.651382421420256374e-01
7.650458866899494392e-01
7.652860884749709269e-01
7.655767365153278714e-01
7.637954016298020843e-01
7.633827124563444810e-01
7.633904734187038077e-01
7.634515909972836578e-01
7.634539192859913781e-01
7.634286961583236497e-01
