3.034000000000000000e+03
2.040000000000000000e+03
1.004000000000000000e+03
1.049000000000000000e+03
5.920000000000000000e+02
3.203000000000000000e+03
1.507000000000000000e+03
9.620000000000000000e+02
1.148000000000000000e+03
3.608000000000000000e+03
9.330000000000000000e+02
7.620000000000000000e+02
4.280000000000000000e+02
3.150000000000000000e+02
2.580000000000000000e+02
1.156000000000000000e+03
5.170000000000000000e+02
4.900000000000000000e+02
4.700000000000000000e+02
4.510000000000000000e+02
4.420000000000000000e+02
1.436000000000000000e+03
4.820000000000000000e+02
4.660000000000000000e+02
4.630000000000000000e+02
4.490000000000000000e+02
4.480000000000000000e+02
